	081-323-31616	
	090-106-56005	
	070-185-59830	
	7035386323	
	070-590-78964	
	8062308162	
	9038157619	
	7044077237	
	8179702566	
	080-556-63496	
	7046056089	
	9138210311	
	8163581154	
	8024662979	
	9065801409	
	9163688769	
	7049354559	
	090-414-34005	
	081-403-14655	
	9043487808	
	090-706-60032	
	9018636711	
	081-376-60543	
	9166561737	
	9158081766	
	8109048131	
	8129659626	
	080-337-10885	
	7038514326	
	9049434005	
	9037033218	
	7013141723	
	9046018372	
	8123002043	
	9128687941	
	9074458483	
	8147694399	
	9120363511	
	
		
	090-776-58094	
	9133933883	
	9133138729	
	
	081-783-40719	
	080-557-93182	
	9124641651	
	090-767-97541	
	090-232-08364	
	081-092-83698	
	081-262-47619	
	7038222931	
	080-352-18214	
	8123069670	
	8133285148	
	080-729-57753	
	9035726698	
	9028055259	
	8109048131	
	9074458483	
	8062635078	
	7088149998	
	8082432398	
	8181493477	
	070-875-61285	
	8147198677	
	7035386323	
	9069021079	
	9023208364	
	8107497376	
	8072957753	
	8062369156	
	9126400463	
	080-371-64785	
	091-245-60866	
	081-388-05730	
	8020884280	
	9129849114	
	8138058781	
	9163587195	
	7045859732	
	8077211506	
	9128687941	
	8159999500	
	080-692-32452	
	9164897879	
	8163581154	
	9083008902	
	8081420727	
	9169784995	
	8028478284	
	7066900086	
	9021105818	
	8029337104	
	9042616162	
	7078503856	
	8108559831	
	7049990879	
	8021158782	
	
	9066541383	
	9062684795	
	7069647557	
	7039229324	
	9164610235	
	9025918611	
	7083088347	
	090-252-89266	
	9042321886	
	9075114688	
	080-832-53816	
	081-497-64032	
	091-153-41877	
	9047178117	
	8085858646	
	7033287749	
	8103339308	
	7042764353	
	080-867-70304	
	8021018004	
	9131634075	
	070-727-93887	
	091-283-33440	
	080-848-21333	
	091-676-29099	
	7018625826	
	9033202022	
	070-626-79003	
	8108515280	
	9026203951	
	7045382985	
	080-827-48950	
	080-615-04673	
	7049625495	
	8023637217	
	9037323701	
	070-655-46435	
	070-319-95157	
	9065373332	
	9024227375	
	7089641231	
	080-648-66648	
	9049088257	
	8111105796	
	7012578999	
	090-691-61011	
	8025887910	
	8021074804	
	7047723529	
	8088644181	
	070-309-62887	
	081-017-58342	
	081-616-82655	
	8126103119	
	8146770795	
	8033025917	
	7065211250	

	8062635078	
	9075953006	
	091-319-53053	
	8155571307	
	8024457452	
	070-188-31156	
	091-175-74211	
	9023759246	
	8136192952	

	8123759060	
